"SEASON","DATE","HOME","HPTS","H2PM","H2PA","H3PM","H3PA","HFTM","HFTA","HORB","HDRB","HAST","HSTL","HTOV","HBLK","HPF","AWAY","APTS","A2PM","A2PA","A3PM","A3PA","AFTM","AFTA","AORB","ADRB","AAST","ASTL","ATOV","ABLK","APF"
"2014-15",20150418,"CHI",103,26,51,12,32,15,22,10,42,30,8,19,7,21,"MIL",91,31,73,4,16,17,26,13,28,22,11,13,3,23
"2014-15",20150418,"GSW",106,26,52,11,29,21,34,10,37,24,11,15,6,21,"NOP",99,26,61,9,22,20,25,10,34,24,8,14,5,28
"2014-15",20150418,"HOU",118,28,60,10,25,32,45,8,36,26,11,13,9,22,"DAL",108,38,82,6,17,14,17,14,35,19,5,17,4,28
"2014-15",20150418,"TOR",86,29,63,6,29,10,14,10,38,21,5,12,4,21,"WAS",93,33,78,6,21,9,15,19,42,22,6,10,3,18
"2014-15",20150419,"ATL",99,24,49,10,30,21,22,6,33,19,11,14,3,21,"BKN",92,31,59,5,20,15,22,12,35,18,8,17,0,19
"2014-15",20150419,"CLE",113,24,51,13,31,26,33,15,31,19,6,12,5,23,"BOS",100,29,57,8,22,18,22,7,27,24,7,14,4,29
"2014-15",20150419,"LAC",107,30,60,10,18,17,28,6,40,16,9,13,8,21,"SAS",92,24,60,10,33,14,26,17,32,25,9,14,3,23
"2014-15",20150419,"MEM",100,36,79,3,9,19,26,8,40,21,8,8,9,18,"POR",86,24,69,8,26,14,19,16,40,18,5,13,7,23
"2014-15",20150420,"CHI",91,19,48,12,33,17,27,14,50,26,2,13,10,19,"MIL",82,28,73,4,17,14,17,9,39,13,10,4,9,22
"2014-15",20150420,"GSW",97,29,56,9,30,12,19,14,35,27,8,13,6,18,"NOP",87,24,61,7,20,18,24,10,31,21,10,13,4,20
"2014-15",20150421,"CLE",99,27,47,7,29,24,26,12,35,18,7,18,10,22,"BOS",91,27,63,6,22,19,22,13,26,19,6,11,3,22
"2014-15",20150421,"HOU",111,33,68,6,20,27,35,13,36,25,5,11,5,23,"DAL",99,27,67,6,22,27,28,14,32,14,4,8,6,23
"2014-15",20150421,"TOR",106,32,62,7,18,21,32,5,23,19,8,10,1,27,"WAS",117,32,58,10,21,23,34,10,35,26,6,15,6,24
"2014-15",20150422,"ATL",96,23,59,12,31,14,19,8,33,27,11,8,7,18,"BKN",91,27,52,8,26,13,18,8,41,23,6,16,5,21
"2014-15",20150422,"LAC",107,30,63,9,29,20,37,16,39,23,5,11,6,20,"SAS",111,34,66,8,25,19,26,10,38,26,8,9,6,31
"2014-15",20150422,"MEM",97,30,73,8,16,13,14,12,29,19,9,5,7,19,"POR",82,24,57,6,20,16,18,11,31,11,4,13,8,13
"2014-15",20150423,"BOS",95,31,63,5,19,18,21,9,36,20,6,15,5,23,"CLE",103,26,55,12,29,15,24,11,34,17,9,11,7,18
"2014-15",20150423,"MIL",106,37,83,6,19,14,25,17,33,24,11,12,7,20,"CHI",113,26,56,14,33,19,24,12,38,25,11,16,6,20
"2014-15",20150423,"NOP",119,40,69,6,21,21,26,13,34,25,7,14,8,28,"GSW",123,28,63,14,41,25,30,22,29,24,4,10,6,22
"2014-15",20150424,"DAL",128,34,57,11,29,27,35,14,29,27,9,10,6,28,"HOU",130,35,69,13,24,21,28,17,29,23,4,14,2,28
"2014-15",20150424,"SAS",100,30,52,10,24,10,13,7,40,25,9,13,8,14,"LAC",73,23,62,6,23,9,12,10,28,14,7,14,4,15
"2014-15",20150424,"WAS",106,24,47,12,29,22,31,7,38,27,4,17,13,22,"TOR",99,27,71,10,28,15,19,10,31,21,12,9,2,28
"2014-15",20150425,"BKN",91,25,61,7,22,20,25,12,40,24,8,15,2,17,"ATL",83,26,60,6,30,13,17,14,37,22,11,15,5,21
"2014-15",20150425,"MIL",92,25,65,9,22,15,22,12,22,25,20,13,6,21,"CHI",90,23,50,10,18,14,20,5,34,23,10,26,7,20
"2014-15",20150425,"NOP",98,35,61,5,22,13,14,10,26,23,5,11,6,19,"GSW",109,27,55,13,24,16,23,10,29,28,6,10,7,18
"2014-15",20150425,"POR",109,25,50,11,27,26,31,5,30,23,2,8,4,31,"MEM",115,32,68,4,9,39,43,6,32,18,3,6,6,22
"2014-15",20150426,"BOS",93,30,62,3,23,24,37,11,34,17,2,14,3,33,"CLE",101,24,45,7,33,32,43,10,40,13,9,8,9,30
"2014-15",20150426,"DAL",121,41,66,10,28,9,21,16,36,25,3,15,5,28,"HOU",109,31,50,7,31,26,40,7,31,21,10,10,4,24
"2014-15",20150426,"SAS",105,31,59,6,25,25,35,11,33,20,3,8,6,24,"LAC",114,40,66,5,18,19,26,6,37,24,7,9,6,24
"2014-15",20150426,"WAS",125,26,48,15,26,28,34,8,34,30,10,12,4,18,"TOR",94,29,57,7,25,15,20,10,27,17,5,16,2,24
"2014-15",20150427,"BKN",120,32,65,14,31,14,21,11,29,25,13,9,5,19,"ATL",115,33,62,13,33,10,15,18,37,27,7,16,6,19
"2014-15",20150427,"CHI",88,27,68,4,22,22,29,17,28,22,8,12,10,19,"MIL",94,30,69,6,16,16,16,13,35,21,10,17,11,24
"2014-15",20150427,"POR",99,28,62,8,25,19,21,13,37,18,5,9,0,13,"MEM",92,29,68,7,14,13,14,7,33,19,6,9,3,20
"2014-15",20150428,"HOU",103,27,51,10,31,19,36,11,42,22,9,21,6,26,"DAL",94,30,66,5,26,19,25,10,37,21,14,18,2,29
"2014-15",20150428,"LAC",107,39,72,1,14,26,42,11,35,22,11,12,5,27,"SAS",111,25,58,11,23,28,37,12,35,21,4,16,2,32
"2014-15",20150429,"ATL",107,27,50,13,33,14,20,8,35,25,9,11,4,11,"BKN",97,27,56,10,22,13,15,5,30,20,5,12,5,21
"2014-15",20150429,"MEM",99,36,75,1,14,24,30,15,41,17,10,10,6,21,"POR",93,20,49,13,33,14,19,5,33,13,1,13,7,23
"2014-15",20150430,"MIL",66,21,57,4,19,12,19,9,32,17,3,18,4,17,"CHI",120,31,60,15,30,13,16,10,40,31,7,12,2,14
"2014-15",20150430,"SAS",96,24,55,12,28,12,21,12,32,26,3,13,2,27,"LAC",102,34,62,4,18,22,31,10,33,22,7,10,7,18
"2014-15",20150501,"BKN",87,24,62,7,23,18,24,9,35,20,5,15,3,17,"ATL",111,30,53,13,32,12,15,6,39,34,11,11,3,21
"2014-15",20150502,"LAC",111,26,49,14,27,17,25,7,36,26,6,12,7,21,"SAS",109,33,64,10,25,13,20,13,33,26,7,10,6,23
"2014-15",20150503,"ATL",98,24,60,13,38,11,14,16,36,27,3,11,6,18,"WAS",104,29,66,9,25,19,22,15,39,18,4,6,4,19
"2014-15",20150503,"GSW",101,26,49,13,28,10,15,7,32,26,13,15,2,20,"MEM",86,30,61,3,12,17,22,7,30,24,13,15,0,16
"2014-15",20150504,"CLE",92,27,55,7,26,17,19,11,28,17,6,9,6,16,"CHI",99,30,62,10,18,9,16,11,31,23,7,10,6,15
"2014-15",20150504,"HOU",101,27,51,11,33,14,24,6,29,24,14,23,8,25,"LAC",117,28,53,13,31,22,30,9,33,31,14,21,6,22
"2014-15",20150505,"ATL",106,27,56,10,29,22,25,11,33,30,10,10,6,16,"WAS",90,23,60,12,22,8,14,7,33,21,9,16,1,21
"2014-15",20150505,"GSW",90,25,48,6,26,22,28,9,36,16,6,20,3,18,"MEM",97,32,68,5,15,18,20,8,31,19,13,13,2,21
"2014-15",20150506,"CLE",106,25,57,12,26,20,29,14,31,19,8,8,4,23,"CHI",91,25,57,7,22,20,25,11,26,20,7,12,4,20
"2014-15",20150506,"HOU",115,29,54,5,26,42,64,15,39,20,6,14,10,27,"LAC",109,33,61,6,25,25,32,6,34,20,9,11,4,40
"2014-15",20150508,"CHI",99,28,69,6,21,25,29,18,36,17,9,7,10,18,"CLE",96,18,48,14,34,18,19,9,30,23,6,11,9,24
"2014-15",20150508,"LAC",124,33,54,13,29,19,23,12,38,26,12,18,6,27,"HOU",99,24,55,11,33,18,31,16,27,21,8,15,5,18
"2014-15",20150509,"MEM",99,32,66,5,16,20,23,11,33,21,10,14,2,26,"GSW",89,26,48,6,26,19,28,10,29,20,7,17,7,23
"2014-15",20150509,"WAS",103,27,50,10,28,19,29,9,34,27,5,13,5,24,"ATL",101,29,58,7,23,22,29,8,30,23,10,10,3,26
"2014-15",20150510,"CHI",84,23,68,9,21,11,12,11,29,12,7,8,6,19,"CLE",86,24,50,5,25,23,24,6,38,16,4,15,6,16
"2014-15",20150510,"LAC",128,26,48,13,31,37,63,10,41,27,9,10,5,22,"HOU",95,22,55,12,28,15,30,10,37,20,6,18,1,40
"2014-15",20150511,"MEM",84,29,70,4,18,14,18,17,32,24,8,16,4,17,"GSW",101,24,47,14,33,11,16,10,35,22,11,21,10,23
"2014-15",20150511,"WAS",101,26,59,12,26,13,17,10,31,21,5,16,8,19,"ATL",106,32,68,9,19,15,19,10,27,30,8,13,5,20
"2014-15",20150512,"CLE",106,32,55,8,24,18,25,11,30,19,5,11,12,22,"CHI",101,27,61,7,25,26,28,12,28,20,5,8,5,23
"2014-15",20150512,"HOU",124,37,56,9,29,23,38,15,43,29,5,11,3,24,"LAC",103,29,56,9,35,18,31,13,26,22,6,7,2,27
"2014-15",20150513,"ATL",82,29,61,5,22,9,11,13,37,21,11,23,13,17,"WAS",81,29,71,4,17,11,16,13,33,20,15,19,5,17
"2014-15",20150513,"GSW",98,24,51,14,30,8,10,14,30,28,9,16,6,13,"MEM",78,29,68,4,15,8,10,13,30,21,8,16,1,17
"2014-15",20150514,"CHI",73,26,60,4,20,9,10,9,23,17,5,7,6,18,"CLE",94,21,52,12,27,16,20,16,37,20,3,11,8,16
"2014-15",20150514,"LAC",107,31,61,7,30,24,32,4,37,19,8,8,7,31,"HOU",119,24,55,13,32,32,47,15,45,19,8,9,5,22
"2014-15",20150515,"MEM",95,30,75,4,16,23,30,12,31,21,7,3,5,16,"GSW",108,26,49,15,32,11,14,7,40,27,1,12,8,24
"2014-15",20150515,"WAS",91,30,75,4,18,19,25,18,37,19,7,11,4,18,"ATL",94,28,57,8,27,14,19,12,35,20,8,15,6,22
"2014-15",20150517,"HOU",113,23,48,12,30,31,41,4,36,22,11,16,4,21,"LAC",100,34,64,7,28,11,17,15,33,23,10,18,9,32
"2014-15",20150519,"GSW",110,33,63,10,29,14,22,14,29,27,9,12,3,23,"HOU",106,32,64,8,22,18,28,14,33,27,8,15,6,19
"2014-15",20150520,"ATL",89,30,54,4,23,17,23,7,30,19,6,12,3,21,"CLE",97,27,58,10,26,13,20,12,37,20,4,12,4,19
"2014-15",20150521,"GSW",99,33,53,8,24,9,13,7,32,31,7,16,8,17,"HOU",98,32,61,7,23,13,19,11,28,20,10,10,5,18
"2014-15",20150522,"ATL",82,27,53,6,26,10,13,7,32,15,7,11,3,19,"CLE",94,21,46,12,30,16,26,11,36,17,6,12,4,14
"2014-15",20150523,"HOU",80,23,58,5,25,19,31,9,30,15,7,15,4,19,"GSW",115,33,69,11,28,16,20,17,43,26,9,13,6,27
"2014-15",20150524,"CLE",114,26,61,14,36,20,29,19,37,24,3,13,6,24,"ATL",111,25,58,11,30,28,32,6,36,20,9,7,3,25
"2014-15",20150525,"HOU",128,26,44,17,32,25,43,4,42,22,8,16,10,16,"GSW",115,24,51,20,46,7,13,10,37,26,9,15,9,29
"2014-15",20150526,"CLE",118,30,56,13,31,19,30,13,43,23,5,10,7,18,"ATL",88,31,53,5,32,11,18,7,32,22,4,7,3,20
"2014-15",20150527,"GSW",104,28,62,9,29,21,31,19,40,25,10,16,4,30,"HOU",90,21,50,5,24,33,44,10,29,16,12,20,6,26
"2014-15",20150604,"GSW",108,29,61,10,27,20,22,11,37,24,8,12,5,16,"CLE",100,30,63,9,31,13,19,13,32,19,10,11,5,20
"2014-15",20150607,"GSW",93,25,48,8,35,19,25,10,35,16,11,18,7,31,"CLE",95,20,63,9,27,28,40,14,41,14,11,13,3,24
"2014-15",20150609,"CLE",96,26,55,9,21,17,24,6,37,15,9,14,8,16,"GSW",91,24,56,12,34,7,12,18,28,21,6,14,7,25
"2014-15",20150611,"CLE",82,25,61,4,27,20,28,16,33,16,2,9,3,19,"GSW",103,24,47,12,30,19,27,6,38,24,5,7,5,21
"2014-15",20150614,"GSW",104,24,49,12,26,20,34,11,32,25,7,16,2,25,"CLE",91,20,46,12,35,15,21,10,27,17,10,10,4,28
"2014-15",20150616,"CLE",97,26,56,6,26,27,39,16,40,14,3,16,7,26,"GSW",105,24,51,13,34,18,29,7,32,28,11,9,4,27
"2015-16",20160416,"ATL",102,30,60,5,26,27,35,13,40,23,4,11,9,20,"BOS",101,26,67,11,35,16,19,15,35,27,6,10,6,32
"2015-16",20160416,"GSW",104,29,66,10,25,16,24,15,38,26,10,15,7,22,"HOU",78,24,62,6,22,12,24,13,38,16,10,24,6,28
"2015-16",20160416,"OKC",108,24,45,12,35,24,28,14,42,23,7,18,6,25,"DAL",70,21,66,4,18,16,26,9,24,16,5,12,0,25
"2015-16",20160416,"TOR",90,26,60,4,19,26,38,20,32,17,6,19,5,27,"IND",100,23,58,11,21,21,29,9,29,19,11,13,8,25
"2015-16",20160417,"CLE",106,27,53,12,35,16,21,12,28,25,7,4,4,18,"DET",101,22,44,15,29,12,16,5,32,24,4,10,2,21
"2015-16",20160417,"LAC",115,36,61,6,17,25,39,11,37,23,7,9,7,23,"POR",95,23,53,10,30,19,26,10,30,23,6,12,2,28
"2015-16",20160417,"MIA",123,40,67,9,18,16,21,14,28,27,7,6,4,24,"CHA",91,22,48,6,17,29,37,7,21,11,5,11,2,17
"2015-16",20160417,"SAS",106,32,59,10,22,12,13,9,35,22,13,12,9,11,"MEM",74,23,61,8,18,4,6,10,25,17,7,16,5,16
"2015-16",20160418,"GSW",115,32,58,8,23,27,38,13,26,27,10,12,6,24,"HOU",106,25,54,10,25,26,33,12,25,21,4,19,5,34
"2015-16",20160418,"OKC",84,24,60,7,32,15,18,19,35,11,9,15,4,19,"DAL",85,30,63,5,19,10,19,11,34,14,8,12,4,17
"2015-16",20160418,"TOR",98,30,62,5,18,23,25,12,32,19,8,13,5,25,"IND",87,25,50,4,20,25,30,6,27,13,7,13,3,23
"2015-16",20160419,"ATL",89,21,53,11,29,14,16,3,46,20,7,15,15,16,"BOS",72,23,60,5,28,11,12,10,33,16,5,14,10,15
"2015-16",20160419,"SAS",94,22,49,9,17,23,28,3,41,19,8,17,10,18,"MEM",68,26,71,2,15,10,18,16,28,14,14,13,2,24
"2015-16",20160420,"CLE",107,20,42,20,38,7,14,6,31,23,7,12,1,24,"DET",90,30,61,4,17,18,32,11,29,19,7,12,4,18
"2015-16",20160420,"LAC",102,32,66,8,21,14,25,12,40,20,7,9,9,18,"POR",81,26,65,5,26,14,16,15,37,20,6,10,3,20
"2015-16",20160420,"MIA",115,35,60,9,16,18,22,3,32,19,6,8,6,25,"CHA",103,37,73,1,16,26,33,15,24,9,3,7,1,16
"2015-16",20160421,"DAL",102,30,53,6,23,24,35,6,23,24,9,12,3,27,"OKC",131,30,51,15,27,26,35,9,33,28,10,14,5,27
"2015-16",20160421,"HOU",97,25,56,11,36,14,23,16,36,18,9,16,4,24,"GSW",96,28,54,6,25,22,29,8,35,23,6,14,6,23
"2015-16",20160421,"IND",85,20,46,6,22,27,33,9,29,16,3,16,6,18,"TOR",101,29,63,10,31,13,16,15,30,18,6,11,4,27
"2015-16",20160422,"BOS",111,27,50,11,32,24,33,7,37,23,10,15,6,20,"ATL",103,29,50,9,36,18,21,7,34,19,10,13,7,24
"2015-16",20160422,"DET",91,30,51,6,23,13,19,5,27,22,7,7,3,19,"CLE",101,27,51,12,29,11,15,12,34,24,3,10,4,17
"2015-16",20160422,"MEM",87,30,64,4,18,15,19,15,33,17,4,14,4,17,"SAS",96,23,51,12,26,14,19,7,32,24,10,9,12,20
"2015-16",20160423,"CHA",96,30,72,5,18,21,22,9,38,18,5,3,4,24,"MIA",80,20,57,7,22,19,30,12,41,13,1,14,8,20
"2015-16",20160423,"DAL",108,35,60,8,23,14,17,7,26,25,3,11,2,27,"OKC",119,37,67,7,16,24,34,12,30,26,6,9,3,19
"2015-16",20160423,"IND",100,34,69,6,16,14,18,15,28,24,10,12,5,22,"TOR",83,19,44,8,30,21,30,11,29,12,8,17,3,20
"2015-16",20160423,"POR",96,31,62,6,25,16,23,16,40,15,5,16,3,24,"LAC",88,33,70,3,18,13,23,11,33,15,11,10,4,17
"2015-16",20160424,"BOS",104,29,61,11,33,13,19,12,40,25,7,14,7,19,"ATL",95,25,57,12,42,9,13,12,37,18,8,14,6,20
"2015-16",20160424,"DET",98,27,52,10,24,14,21,7,35,22,3,9,4,18,"CLE",100,23,50,13,36,15,17,10,31,16,6,5,1,22
"2015-16",20160424,"HOU",94,28,51,5,27,23,38,9,35,18,11,18,3,20,"GSW",121,25,49,21,40,8,16,7,36,38,10,16,2,26
"2015-16",20160424,"MEM",95,30,65,5,13,20,27,14,23,18,6,17,5,29,"SAS",116,30,59,10,22,26,31,13,28,21,8,10,6,21
"2015-16",20160425,"CHA",89,26,59,4,16,25,30,6,30,10,7,9,7,20,"MIA",85,19,47,11,29,14,21,10,36,20,2,17,8,26
"2015-16",20160425,"OKC",118,31,51,10,30,26,32,14,28,19,6,8,5,22,"DAL",104,30,57,8,24,20,24,13,22,24,5,9,3,24
"2015-16",20160425,"POR",98,23,57,13,31,13,15,16,42,27,5,15,7,25,"LAC",84,23,59,7,25,17,28,10,32,16,10,9,4,17
"2015-16",20160426,"ATL",110,28,61,14,35,12,16,13,38,30,13,12,3,17,"BOS",83,22,48,7,29,18,25,10,34,19,5,20,6,17
"2015-16",20160426,"TOR",102,27,56,6,26,30,35,12,29,12,9,7,3,18,"IND",99,20,44,13,29,20,23,8,33,22,5,14,5,26
"2015-16",20160427,"GSW",114,32,51,13,31,11,19,6,34,30,10,9,6,16,"HOU",81,25,63,6,32,13,19,22,31,17,8,17,3,22
"2015-16",20160427,"LAC",98,30,66,6,20,20,30,8,37,20,8,10,3,24,"POR",108,25,49,12,34,22,34,9,44,22,8,9,4,23
"2015-16",20160427,"MIA",88,29,63,5,18,15,19,6,44,17,7,14,6,16,"CHA",90,21,60,12,24,12,15,5,36,21,8,12,3,14
"2015-16",20160428,"BOS",92,27,62,7,32,17,18,10,33,16,5,12,4,29,"ATL",104,30,50,8,24,20,27,3,39,26,6,18,12,23
"2015-16",20160429,"CHA",90,27,59,5,17,21,25,5,26,12,8,9,5,17,"MIA",97,30,67,8,16,13,15,11,35,14,4,12,10,24
"2015-16",20160429,"IND",101,27,54,8,22,23,26,12,32,21,12,14,7,25,"TOR",83,20,50,9,29,16,25,15,25,14,9,16,5,23
"2015-16",20160429,"POR",106,24,54,14,32,16,24,18,28,21,4,12,2,23,"LAC",103,35,71,4,16,21,31,16,30,15,8,8,1,24
"2015-16",20160430,"SAS",124,42,69,9,15,13,18,5,38,39,5,8,10,16,"OKC",92,29,62,6,23,16,21,11,27,23,6,10,2,13
"2015-16",20160501,"GSW",118,32,60,11,31,21,24,16,39,27,8,12,8,22,"POR",106,29,66,10,31,18,21,10,30,26,7,9,6,19
"2015-16",20160501,"MIA",106,34,65,9,24,11,16,10,48,24,2,9,8,16,"CHA",73,20,62,7,22,12,12,3,33,14,4,7,1,14
"2015-16",20160501,"TOR",89,26,65,8,24,13,17,18,31,21,7,8,7,12,"IND",84,25,54,9,19,7,8,5,33,12,5,13,5,17
"2015-16",20160502,"CLE",104,22,52,15,31,15,21,10,34,27,9,8,7,20,"ATL",93,22,53,11,34,16,21,15,33,21,6,12,7,22
"2015-16",20160502,"SAS",97,34,71,6,23,11,13,9,28,19,10,10,6,16,"OKC",98,33,60,5,19,17,21,9,39,16,8,18,8,19
"2015-16",20160503,"GSW",110,34,67,8,24,18,20,10,38,21,4,10,9,23,"POR",99,23,51,13,30,14,21,6,33,22,5,17,5,25
"2015-16",20160503,"TOR",96,35,68,5,21,11,15,4,37,19,10,15,6,25,"MIA",102,32,78,8,11,14,21,11,41,12,12,17,4,17
"2015-16",20160504,"CLE",123,16,42,25,45,16,23,12,31,27,8,8,1,22,"ATL",98,19,44,11,27,27,30,8,32,18,3,16,3,23
"2015-16",20160505,"TOR",96,35,75,4,18,14,26,13,26,14,15,9,1,21,"MIA",92,34,65,5,14,9,13,9,36,14,6,21,7,21
"2015-16",20160506,"ATL",108,25,50,16,34,10,12,6,22,29,8,14,7,21,"CLE",121,21,46,21,39,16,27,18,37,26,9,18,1,21
"2015-16",20160506,"OKC",96,24,52,10,30,18,20,11,31,14,5,14,5,23,"SAS",100,23,57,10,19,24,34,4,33,19,8,8,6,19
"2015-16",20160507,"MIA",91,29,59,4,18,21,24,8,30,11,8,9,2,24,"TOR",95,25,52,8,18,21,28,6,29,16,5,13,0,22
"2015-16",20160507,"POR",120,23,56,17,30,23,29,11,30,19,5,10,4,19,"GSW",108,28,59,14,29,10,17,11,31,29,4,12,6,20
"2015-16",20160508,"ATL",99,31,52,9,31,10,14,9,33,22,10,12,7,16,"CLE",100,22,51,16,37,8,13,14,27,23,6,15,7,14
"2015-16",20160508,"OKC",111,31,56,9,23,22,29,10,30,23,6,12,3,18,"SAS",97,38,73,2,12,15,16,9,25,12,11,12,2,21
"2015-16",20160509,"MIA",94,35,65,1,15,21,25,6,33,15,9,11,5,15,"TOR",87,27,64,6,20,15,19,7,32,12,7,14,2,23
"2015-16",20160509,"POR",125,28,67,15,39,24,33,18,34,22,8,18,3,29,"GSW",132,27,55,17,40,27,33,10,39,22,13,14,10,27
"2015-16",20160510,"SAS",91,27,70,8,18,13,17,10,26,19,11,7,6,19,"OKC",95,27,58,7,20,20,26,15,39,18,6,20,6,22
"2015-16",20160511,"GSW",125,29,52,14,32,25,29,9,35,28,5,16,4,25,"POR",121,22,56,16,36,29,39,13,34,20,9,10,4,23
"2015-16",20160511,"TOR",99,28,64,7,17,22,26,11,28,16,10,9,7,20,"MIA",91,25,56,6,21,23,28,13,31,12,4,13,2,22
"2015-16",20160512,"OKC",113,34,63,6,22,27,31,14,36,21,7,10,7,18,"SAS",99,34,76,6,17,13,16,10,30,19,7,10,3,21
"2015-16",20160513,"MIA",103,33,63,7,21,16,20,7,34,15,2,7,6,18,"TOR",91,30,66,4,16,19,25,8,35,10,4,8,4,18
"2015-16",20160515,"TOR",116,30,65,9,20,29,43,20,30,17,8,9,4,23,"MIA",89,25,47,7,25,18,23,7,23,16,6,13,7,29
"2015-16",20160516,"GSW",102,29,61,11,30,11,17,8,36,26,8,14,4,22,"OKC",108,31,72,8,17,22,32,10,42,22,12,11,6,15
"2015-16",20160517,"CLE",115,34,54,7,20,26,33,10,35,22,9,16,4,20,"TOR",84,27,52,5,24,15,20,4,19,19,8,14,1,25
"2015-16",20160518,"GSW",118,30,57,13,28,19,28,15,30,26,9,12,3,21,"OKC",91,28,55,7,23,14,19,7,29,22,9,15,4,22
"2015-16",20160519,"CLE",108,31,55,7,21,25,37,7,39,24,5,9,2,16,"TOR",89,24,49,9,33,14,18,7,31,17,6,12,4,31
"2015-16",20160521,"TOR",99,26,52,12,31,11,13,12,42,15,1,9,4,17,"CLE",84,14,38,14,41,14,16,8,32,15,7,9,5,10
"2015-16",20160522,"OKC",133,38,67,8,25,33,37,11,41,21,6,12,8,23,"GSW",105,28,60,10,32,19,25,10,28,19,9,13,1,21
"2015-16",20160523,"TOR",105,35,56,7,22,14,19,9,26,17,8,8,3,16,"CLE",99,26,42,13,41,8,9,10,28,23,5,10,2,17
"2015-16",20160524,"OKC",118,30,64,9,26,31,40,16,40,23,16,17,8,22,"GSW",94,24,50,9,30,19,29,8,32,15,11,21,4,26
"2015-16",20160525,"CLE",116,34,56,10,21,18,24,10,38,23,11,16,6,26,"TOR",78,24,52,3,17,21,35,5,22,19,9,18,3,25
"2015-16",20160526,"GSW",120,31,61,9,24,31,34,11,34,25,13,15,7,18,"OKC",111,26,61,13,30,20,24,13,32,23,8,17,2,26
"2015-16",20160527,"TOR",87,25,54,8,25,13,17,7,26,10,6,12,2,19,"CLE",113,23,43,17,31,16,21,4,34,22,6,10,6,18
"2015-16",20160528,"OKC",101,35,67,3,23,22,32,16,33,16,9,15,10,22,"GSW",108,15,43,21,45,15,24,13,31,23,11,14,4,25
"2015-16",20160530,"GSW",96,20,48,17,37,5,8,10,36,20,4,11,4,16,"OKC",88,27,62,7,27,13,17,14,33,20,3,7,5,11
"2015-16",20160602,"GSW",104,34,60,9,27,9,10,9,32,29,9,9,4,16,"CLE",89,25,63,7,21,18,20,15,32,17,7,15,4,17
"2015-16",20160605,"GSW",110,29,48,15,33,7,10,12,34,26,7,20,9,20,"CLE",77,23,56,5,23,16,24,9,25,15,15,17,3,19
"2015-16",20160608,"CLE",120,36,66,12,25,12,17,17,35,23,8,13,3,25,"GSW",90,23,43,9,33,17,26,8,24,21,5,18,4,23
"2015-16",20160610,"CLE",97,32,56,6,25,15,26,16,24,15,5,11,6,24,"GSW",108,16,45,17,36,25,31,14,29,23,7,8,6,22
"2015-16",20160613,"GSW",97,18,45,14,43,19,26,13,30,18,6,17,9,21,"CLE",112,34,59,10,24,14,23,8,33,15,11,16,9,22
"2015-16",20160616,"CLE",115,30,50,10,27,25,32,8,37,24,12,10,7,25,"GSW",101,18,43,15,39,20,29,9,26,19,5,14,3,25
"2015-16",20160619,"GSW",89,17,42,15,41,10,13,7,32,22,7,10,5,23,"CLE",93,27,57,6,25,21,25,9,39,17,7,11,6,15
"2016-17",20170415,"CLE",109,31,50,11,28,14,27,10,24,26,7,11,2,19,"IND",108,29,57,11,24,17,20,12,29,21,6,13,1,25
"2016-17",20170415,"LAC",95,28,57,8,24,15,17,8,32,20,6,15,4,18,"UTA",97,30,60,8,19,13,19,6,28,21,7,12,4,19
"2016-17",20170415,"SAS",111,31,57,10,19,19,25,8,34,16,4,9,11,20,"MEM",82,24,59,7,20,13,17,8,27,17,7,8,6,20
"2016-17",20170415,"TOR",83,22,52,5,23,24,33,8,39,15,3,10,4,21,"MIL",97,29,62,9,23,12,15,9,34,22,5,5,5,23
"2016-17",20170416,"BOS",102,23,48,14,38,14,19,12,24,27,9,15,4,20,"CHI",106,31,65,8,26,20,23,20,33,22,10,16,7,18
"2016-17",20170416,"GSW",121,32,54,11,27,24,28,9,36,26,7,16,10,24,"POR",109,29,63,11,30,18,22,11,27,15,8,14,3,25
"2016-17",20170416,"HOU",118,35,58,10,33,18,26,14,42,21,8,11,3,19,"OKC",87,21,52,9,29,18,23,7,34,19,8,15,5,19
"2016-17",20170416,"WAS",114,37,72,8,28,16,17,15,27,28,8,12,9,25,"ATL",107,27,53,7,25,32,39,13,35,18,5,19,3,22
"2016-17",20170417,"CLE",117,29,45,13,31,20,23,7,30,19,6,18,8,16,"IND",111,35,64,8,20,17,23,9,24,23,14,13,3,21
"2016-17",20170417,"SAS",96,19,38,9,23,31,32,5,34,14,4,14,4,13,"MEM",82,24,55,7,27,13,15,9,26,19,8,8,1,22
"2016-17",20170418,"BOS",97,28,49,10,33,11,19,11,27,26,6,16,4,17,"CHI",111,35,64,10,25,11,14,12,32,28,12,10,6,17
"2016-17",20170418,"LAC",99,38,64,6,20,5,8,8,31,26,7,11,4,23,"UTA",91,22,45,10,25,17,22,3,30,15,7,13,2,16
"2016-17",20170418,"TOR",106,23,48,14,29,18,25,6,34,24,6,12,4,22,"MIL",100,25,64,11,23,17,19,12,28,20,6,11,4,16
"2016-17",20170419,"GSW",110,30,59,10,32,20,24,11,43,31,8,17,11,17,"POR",81,23,56,7,34,14,19,11,36,17,9,18,7,19
"2016-17",20170419,"HOU",115,27,49,11,29,28,37,5,32,20,5,13,8,21,"OKC",111,33,67,7,30,24,28,17,31,20,9,7,11,24
"2016-17",20170419,"WAS",109,32,64,7,22,24,33,11,32,22,10,11,10,29,"ATL",101,28,59,4,20,33,38,10,31,17,6,18,6,26
"2016-17",20170420,"IND",114,22,54,16,41,22,26,17,35,25,4,9,5,23,"CLE",119,18,43,21,44,20,30,8,32,23,6,8,7,23
"2016-17",20170420,"MEM",105,30,55,9,22,18,20,6,27,21,2,5,3,24,"SAS",94,24,48,10,24,16,28,12,30,16,1,12,3,21
"2016-17",20170420,"MIL",104,27,51,12,23,14,19,3,33,29,6,13,4,25,"TOR",77,18,49,6,22,23,30,9,31,11,6,15,4,21
"2016-17",20170421,"CHI",87,27,63,6,21,15,15,15,37,14,7,17,8,15,"BOS",104,24,49,17,37,5,7,7,30,34,11,12,2,12
"2016-17",20170421,"OKC",115,37,64,9,19,14,23,9,31,24,8,11,5,21,"HOU",113,28,48,10,35,27,33,11,31,10,4,13,6,24
"2016-17",20170421,"UTA",106,22,35,14,34,20,29,3,24,16,5,11,2,26,"LAC",111,34,56,7,19,22,33,9,32,16,8,8,3,20
"2016-17",20170422,"ATL",116,35,64,9,25,19,32,11,39,26,6,11,5,17,"WAS",98,30,60,7,29,17,20,6,36,16,6,15,4,28
"2016-17",20170422,"MEM",110,26,55,12,27,22,24,8,43,19,3,22,3,21,"SAS",108,32,67,9,30,17,17,8,29,16,11,9,3,24
"2016-17",20170422,"MIL",76,25,60,5,21,11,18,13,37,16,8,20,3,21,"TOR",87,28,58,5,22,16,17,4,37,16,11,12,6,19
"2016-17",20170422,"POR",113,26,57,13,33,22,27,11,41,17,5,16,6,23,"GSW",119,28,55,12,36,27,35,6,36,25,11,7,11,19
"2016-17",20170423,"CHI",95,27,52,5,24,26,33,12,32,19,5,12,3,23,"BOS",104,28,45,10,37,18,22,11,31,22,7,13,4,24
"2016-17",20170423,"IND",102,31,58,10,30,10,17,9,33,21,8,14,6,22,"CLE",106,28,59,9,31,23,27,15,33,11,9,13,8,15
"2016-17",20170423,"OKC",109,35,66,7,19,18,32,10,30,20,10,17,12,20,"HOU",113,26,50,11,35,28,33,13,32,19,13,19,2,26
"2016-17",20170423,"UTA",105,30,52,10,22,15,21,7,35,24,7,12,3,17,"LAC",98,22,43,11,32,21,29,6,25,17,8,9,0,18
"2016-17",20170424,"ATL",111,28,59,12,31,19,25,12,37,24,7,12,1,20,"WAS",101,25,53,11,32,18,23,9,37,19,7,14,5,25
"2016-17",20170424,"POR",103,20,46,13,39,24,29,7,32,14,7,11,3,20,"GSW",128,29,57,17,29,19,27,6,39,27,7,10,9,15
"2016-17",20170424,"TOR",118,29,44,12,27,24,26,5,35,28,10,17,6,24,"MIL",93,24,45,10,22,15,26,1,21,22,13,15,4,23
"2016-17",20170425,"HOU",105,27,45,6,37,33,39,10,37,13,7,12,6,23,"OKC",99,25,53,10,38,19,29,18,31,16,7,13,7,27
"2016-17",20170425,"LAC",92,19,46,10,23,24,29,3,31,16,7,13,2,20,"UTA",96,22,45,13,36,13,16,7,36,25,10,12,4,24
"2016-17",20170425,"SAS",116,28,52,14,28,18,22,10,24,23,7,7,2,17,"MEM",103,28,50,9,22,20,22,8,23,22,7,9,1,20
"2016-17",20170426,"BOS",108,29,48,9,40,23,23,8,30,27,9,6,3,16,"CHI",97,28,48,9,26,14,17,5,37,24,4,16,5,21
"2016-17",20170426,"WAS",103,30,58,7,24,22,27,9,33,21,8,6,10,20,"ATL",99,29,62,9,31,14,21,11,32,23,3,11,2,21
"2016-17",20170427,"MEM",96,20,44,12,27,20,24,7,21,15,4,11,1,26,"SAS",103,30,57,7,20,22,25,16,30,13,4,12,0,20
"2016-17",20170427,"MIL",89,25,57,7,18,18,28,11,26,18,11,14,10,20,"TOR",92,23,48,9,22,19,23,11,32,14,9,14,4,20
"2016-17",20170428,"ATL",99,28,46,9,32,16,19,11,24,26,9,22,3,22,"WAS",115,32,54,10,24,21,25,8,25,21,16,16,7,22
"2016-17",20170428,"CHI",83,28,62,4,19,15,17,11,34,13,5,13,2,16,"BOS",105,23,41,16,39,11,18,7,36,28,7,9,5,14
"2016-17",20170428,"UTA",93,25,52,7,26,22,33,10,28,18,8,7,5,20,"LAC",98,28,54,9,21,15,26,10,32,17,5,16,2,24
"2016-17",20170430,"BOS",123,27,51,19,39,12,15,12,26,32,8,11,7,25,"WAS",111,34,64,10,23,13,22,12,26,27,6,12,7,14
"2016-17",20170430,"LAC",91,29,55,6,25,15,26,10,28,17,3,10,2,19,"UTA",104,34,66,6,13,18,23,10,36,22,8,8,2,24
"2016-17",20170501,"CLE",116,25,51,14,34,24,29,7,39,26,8,12,4,18,"TOR",105,29,63,10,26,17,20,8,35,22,5,12,5,22
"2016-17",20170501,"SAS",99,22,55,9,29,28,36,11,34,19,10,15,2,18,"HOU",126,18,37,22,50,24,27,7,42,30,13,14,5,25
"2016-17",20170502,"BOS",129,32,52,13,36,26,34,12,29,26,11,16,7,21,"WAS",119,36,65,10,34,17,22,13,31,28,7,17,10,29
"2016-17",20170502,"GSW",106,33,53,7,29,19,21,5,32,32,7,7,8,16,"UTA",94,29,53,9,29,9,12,8,36,25,7,13,4,18
"2016-17",20170503,"CLE",125,23,42,18,33,25,34,6,34,28,9,16,4,22,"TOR",103,37,73,5,17,14,19,8,29,21,8,13,4,21
"2016-17",20170503,"SAS",121,39,65,9,24,16,18,16,32,27,5,7,7,16,"HOU",96,26,49,11,34,11,15,9,23,22,7,11,3,18
"2016-17",20170504,"GSW",115,28,54,14,31,17,20,9,38,33,11,17,4,20,"UTA",104,26,52,12,32,16,20,5,34,19,9,14,2,23
"2016-17",20170504,"WAS",116,35,67,8,25,22,25,13,37,26,7,9,5,26,"BOS",89,17,45,10,32,25,33,8,30,20,4,16,2,26
"2016-17",20170505,"HOU",92,20,49,12,39,16,18,14,25,17,12,14,7,18,"SAS",103,30,61,9,25,16,20,12,37,23,7,20,8,17
"2016-17",20170505,"TOR",94,36,69,2,18,16,17,1,24,17,9,4,4,21,"CLE",115,26,53,13,23,24,28,8,41,15,2,16,7,20
"2016-17",20170506,"UTA",91,23,55,7,22,24,34,5,37,19,6,8,3,22,"GSW",102,28,54,9,30,19,23,8,43,17,3,7,4,20
"2016-17",20170507,"HOU",125,31,52,19,43,6,10,7,34,28,7,9,3,17,"SAS",104,37,66,7,23,9,18,11,32,23,8,14,6,13
"2016-17",20170507,"TOR",102,30,56,10,29,12,15,8,29,28,7,11,3,18,"CLE",109,23,41,16,41,15,16,5,32,24,8,10,5,11
"2016-17",20170507,"WAS",121,35,63,9,21,24,27,12,33,29,13,19,3,22,"BOS",102,21,48,14,31,18,24,9,22,28,13,18,6,25
"2016-17",20170508,"UTA",95,25,62,8,27,21,28,10,32,13,7,9,4,23,"GSW",121,32,58,11,26,24,27,6,44,28,8,11,3,26
"2016-17",20170509,"SAS",110,31,70,11,33,15,23,18,34,24,7,7,5,18,"HOU",107,22,38,16,48,15,21,9,38,21,4,15,5,23
"2016-17",20170510,"BOS",123,30,54,16,33,15,21,9,39,33,7,11,8,25,"WAS",101,28,62,7,29,24,29,16,29,21,5,12,5,18
"2016-17",20170511,"HOU",75,9,37,13,40,18,25,10,27,14,5,13,3,16,"SAS",114,46,74,5,22,7,13,14,46,32,8,7,9,21
"2016-17",20170512,"WAS",92,32,62,5,24,13,21,11,35,20,4,12,7,24,"BOS",91,21,44,11,35,16,18,7,30,25,5,10,3,19
"2016-17",20170514,"GSW",113,28,51,11,30,24,33,17,26,22,13,19,8,24,"SAS",111,33,62,7,22,24,28,14,23,19,13,17,3,24
"2016-17",20170515,"BOS",115,31,55,11,24,20,25,4,27,27,7,8,4,24,"WAS",105,26,51,10,29,23,29,10,33,18,6,15,4,17
"2016-17",20170516,"GSW",136,32,52,18,37,18,19,6,34,39,16,16,5,19,"SAS",100,29,77,8,23,18,21,22,27,21,11,18,5,17
"2016-17",20170517,"BOS",104,29,50,12,38,10,18,13,27,33,4,14,1,26,"CLE",117,28,50,11,31,28,35,12,32,21,9,8,2,17
"2016-17",20170519,"BOS",86,24,59,8,27,14,15,10,29,23,7,20,4,19,"CLE",130,29,46,19,39,15,23,9,36,28,10,12,6,17
"2016-17",20170520,"SAS",108,39,72,5,21,15,25,15,31,22,10,15,3,21,"GSW",120,35,57,11,27,17,22,9,33,23,12,21,6,23
"2016-17",20170521,"CLE",108,16,31,16,39,28,36,11,35,21,5,15,4,11,"BOS",111,24,51,18,40,9,12,11,27,28,10,9,3,23
"2016-17",20170522,"SAS",115,33,73,8,25,25,32,12,30,33,14,8,4,20,"GSW",129,34,47,14,39,19,25,5,48,30,7,17,3,25
"2016-17",20170523,"CLE",112,34,52,10,22,14,17,4,33,23,5,14,4,16,"BOS",99,25,48,10,31,19,20,7,22,26,7,12,2,15
"2016-17",20170525,"BOS",102,26,56,11,30,17,23,12,27,20,7,18,5,23,"CLE",135,29,44,19,41,20,24,6,32,24,13,11,5,21
"2016-17",20170601,"GSW",113,33,73,12,33,11,16,14,36,31,12,4,3,24,"CLE",91,19,55,11,31,20,25,15,44,15,0,20,6,23
"2016-17",20170604,"GSW",132,28,46,18,43,22,24,10,43,34,5,20,7,19,"CLE",113,37,71,8,29,15,19,10,31,27,15,9,1,18
"2016-17",20170607,"CLE",113,28,46,12,44,21,25,10,27,17,9,12,3,25,"GSW",118,24,50,16,33,22,24,8,36,29,8,18,4,28
"2016-17",20170609,"CLE",137,22,42,24,45,21,31,11,30,27,6,11,3,24,"GSW",116,28,48,11,39,27,36,16,24,26,5,12,6,27
"2016-17",20170612,"GSW",129,32,52,14,38,23,28,13,29,27,8,13,2,24,"CLE",120,36,64,11,24,15,23,12,28,22,6,14,5,22
